  -1.4142749e+01   3.7200781e+02   1.1950000e+02   2.8400000e+02
   1.7875501e+02   1.5383753e+02   1.8630000e+02   1.4470000e+02
   3.8848861e+01   3.2006613e+02   1.1950000e+02   2.8400000e+02
   7.2332357e+01   2.7932852e+02   1.0250000e+02   2.5100000e+02
   8.8600486e+01   2.5981031e+02   1.0250000e+02   2.5100000e+02
   1.1359828e+02   2.3131850e+02   1.0250000e+02   2.5100000e+02
   1.3378667e+02   2.0751829e+02   1.2689093e+02   1.7376052e+02
   1.5728469e+02   1.8008238e+02   1.2689093e+02   1.7376052e+02
   2.0759505e+02   1.2560735e+02   1.8630000e+02   1.4470000e+02
   1.0826656e+02   2.4811487e+02   1.0250000e+02   2.5100000e+02
   1.0747182e+02   2.4984277e+02   1.0250000e+02   2.5100000e+02
